6 6
F3 1 10 3
F3 4 10 3
F3 7 10 2
F3 9 10 3
F3 12 10 3
F3 15 10 2
7 6
C4 1 10 3
C4 4 10 3
C4 7 10 2
C4 9 10 3
C4 12 10 3
C4 15 10 2
8 6
D4 1 10 3
D4 4 10 3
D4 7 10 2
D4 9 10 3
D4 12 10 3
D4 15 10 2
9 6
E4 1 10 3
E4 4 10 3
E4 7 10 2
E4 9 10 3
E4 12 10 3
E4 15 10 2
10 6
F3 1 10 3
F3 4 10 3
F3 7 10 2
F3 9 10 3
F3 12 10 3
F3 15 10 2
11 6
C4 1 10 3
C4 4 10 3
C4 7 10 2
C4 9 10 3
C4 12 10 3
C4 15 10 2
12 6
D4 1 10 3
D4 4 10 3
D4 7 10 2
D4 9 10 3
D4 12 10 3
D4 15 10 2
13 6
E4 1 10 3
E4 4 10 3
E4 7 10 2
E4 9 10 3
E4 12 10 3
E4 15 10 2
14 6
F3 1 10 3
F3 4 10 3
F3 7 10 2
F3 9 10 3
F3 12 10 3
F3 15 10 2
15 6
C4 1 10 3
C4 4 10 3
C4 7 10 2
C4 9 10 3
C4 12 10 3
C4 15 10 2
16 6
D4 1 10 3
D4 4 10 3
D4 7 10 2
D4 9 10 3
D4 12 10 3
D4 15 10 2
17 6
E4 1 10 3
E4 4 10 3
E4 7 10 2
E4 9 10 3
E4 12 10 3
E4 15 10 2
18 6
F3 1 10 3
F3 4 10 3
F3 7 10 2
F3 9 10 3
F3 12 10 3
F3 15 10 2
19 6
C4 1 10 3
C4 4 10 3
C4 7 10 2
C4 9 10 3
C4 12 10 3
C4 15 10 2
20 6
D4 1 10 3
D4 4 10 3
D4 7 10 2
D4 9 10 3
D4 12 10 3
D4 15 10 2
21 6
E4 1 10 3
E4 4 10 3
E4 7 10 2
E4 9 10 3
E4 12 10 3
E4 15 10 2
22 6
F3 1 10 3
F3 4 10 3
F3 7 10 2
F3 9 10 3
F3 12 10 3
F3 15 10 2
23 6
C4 1 10 3
C4 4 10 3
C4 7 10 2
C4 9 10 3
C4 12 10 3
C4 15 10 2
24 6
D4 1 10 3
D4 4 10 3
D4 7 10 2
D4 9 10 3
D4 12 10 3
D4 15 10 2
25 6
E4 1 10 3
E4 4 10 3
E4 7 10 2
E4 9 10 3
E4 12 10 3
E4 15 10 2
26 6
F3 1 10 3
F3 4 10 3
F3 7 10 2
F3 9 10 3
F3 12 10 3
F3 15 10 2
27 6
C4 1 10 3
C4 4 10 3
C4 7 10 2
C4 9 10 3
C4 12 10 3
C4 15 10 2
28 6
D4 1 10 3
D4 4 10 3
D4 7 10 2
D4 9 10 3
D4 12 10 3
D4 15 10 2
29 6
E4 1 10 3
E4 4 10 3
E4 7 10 2
E4 9 10 3
E4 12 10 3
E4 15 10 2
30 6
F3 1 10 3
F3 4 10 3
F3 7 10 2
F3 9 10 3
F3 12 10 3
F3 15 10 2
31 6
C4 1 10 3
C4 4 10 3
C4 7 10 2
C4 9 10 3
C4 12 10 3
C4 15 10 2
32 6
D4 1 10 3
D4 4 10 3
D4 7 10 2
D4 9 10 3
D4 12 10 3
D4 15 10 2
33 6
E4 1 10 3
E4 4 10 3
E4 7 10 2
E4 9 10 3
E4 12 10 3
E4 15 10 2
34 6
F3 1 10 3
F3 4 10 3
F3 7 10 2
F3 9 10 3
F3 12 10 3
F3 15 10 2
35 6
C4 1 10 3
C4 4 10 3
C4 7 10 2
C4 9 10 3
C4 12 10 3
C4 15 10 2
36 6
D4 1 10 3
D4 4 10 3
D4 7 10 2
D4 9 10 3
D4 12 10 3
D4 15 10 2
37 6
E4 1 10 3
E4 4 10 3
E4 7 10 2
E4 9 10 3
E4 12 10 3
E4 15 10 2
38 6
F3 1 10 3
F3 4 10 3
F3 7 10 2
F3 9 10 3
F3 12 10 3
F3 15 10 2
39 6
C4 1 10 3
C4 4 10 3
C4 7 10 2
C4 9 10 3
C4 12 10 3
C4 15 10 2
40 6
D4 1 10 3
D4 4 10 3
D4 7 10 2
D4 9 10 3
D4 12 10 3
D4 15 10 2
41 6
E4 1 10 3
E4 4 10 3
E4 7 10 2
E4 9 10 3
E4 12 10 3
E4 15 10 2
54 6
F3 1 10 3
F3 4 10 3
F3 7 10 2
F3 9 10 3
F3 12 10 3
F3 15 10 2
55 6
C4 1 10 3
C4 4 10 3
C4 7 10 2
C4 9 10 3
C4 12 10 3
C4 15 10 2
56 6
D4 1 10 3
D4 4 10 3
D4 7 10 2
D4 9 10 3
D4 12 10 3
D4 15 10 2
57 6
E4 1 10 3
E4 4 10 3
E4 7 10 2
E4 9 10 3
E4 12 10 3
E4 15 10 2
58 6
F3 1 10 3
F3 4 10 3
F3 7 10 2
F3 9 10 3
F3 12 10 3
F3 15 10 2
59 6
C4 1 10 3
C4 4 10 3
C4 7 10 2
C4 9 10 3
C4 12 10 3
C4 15 10 2
60 6
D4 1 10 3
D4 4 10 3
D4 7 10 2
D4 9 10 3
D4 12 10 3
D4 15 10 2
61 6
E4 1 10 3
E4 4 10 3
E4 7 10 2
E4 9 10 3
E4 12 10 3
E4 15 10 2
62 6
F3 1 20 3
F3 4 20 3
F3 7 20 2
F3 9 20 3
F3 12 20 3
F3 15 20 2
63 6
C4 1 20 3
C4 4 20 3
C4 7 20 2
C4 9 20 3
C4 12 20 3
C4 15 20 2
64 6
D4 1 20 3
D4 4 20 3
D4 7 20 2
D4 9 20 3
D4 12 20 3
D4 15 20 2
65 6
E4 1 20 3
E4 4 20 3
E4 7 20 2
E4 9 20 3
E4 12 20 3
E4 15 20 2
66 6
F3 1 20 3
F3 4 20 3
F3 7 20 2
F3 9 20 3
F3 12 20 3
F3 15 20 2
67 6
C4 1 20 3
C4 4 20 3
C4 7 20 2
C4 9 20 3
C4 12 20 3
C4 15 20 2
68 6
D4 1 20 3
D4 4 20 3
D4 7 20 2
D4 9 20 3
D4 12 20 3
D4 15 20 2
69 6
E4 1 20 3
E4 4 20 3
E4 7 20 2
E4 9 20 3
E4 12 20 3
E4 15 20 2
70 6
F3 1 10 3
F3 4 10 3
F3 7 10 2
F3 9 10 3
F3 12 10 3
F3 15 10 2
71 6
C4 1 10 3
C4 4 10 3
C4 7 10 2
C4 9 10 3
C4 12 10 3
C4 15 10 2
72 6
D4 1 10 3
D4 4 10 3
D4 7 10 2
D4 9 10 3
D4 12 10 3
D4 15 10 2
73 6
E4 1 10 3
E4 4 10 3
E4 7 10 2
E4 9 10 3
E4 12 10 3
E4 15 10 2
74 6
F3 1 10 3
F3 4 10 3
F3 7 10 2
F3 9 10 3
F3 12 10 3
F3 15 10 2
75 6
C4 1 10 3
C4 4 10 3
C4 7 10 2
C4 9 10 3
C4 12 10 3
C4 15 10 2
76 6
D4 1 10 3
D4 4 10 3
D4 7 10 2
D4 9 10 3
D4 12 10 3
D4 15 10 2
77 6
E4 1 10 3
E4 4 10 3
E4 7 10 2
E4 9 10 3
E4 12 10 3
E4 15 10 2
78 6
F3 1 10 3
F3 4 10 3
F3 7 10 2
F3 9 10 3
F3 12 10 3
F3 15 10 2
79 6
C4 1 10 3
C4 4 10 3
C4 7 10 2
C4 9 10 3
C4 12 10 3
C4 15 10 2
80 6
D4 1 10 3
D4 4 10 3
D4 7 10 2
D4 9 10 3
D4 12 10 3
D4 15 10 2
81 6
E4 1 10 3
E4 4 10 3
E4 7 10 2
E4 9 10 3
E4 12 10 3
E4 15 10 2
82 6
F3 1 10 3
F3 4 10 3
F3 7 10 2
F3 9 10 3
F3 12 10 3
F3 15 10 2
83 6
C4 1 10 3
C4 4 10 3
C4 7 10 2
C4 9 10 3
C4 12 10 3
C4 15 10 2
84 6
D4 1 10 3
D4 4 10 3
D4 7 10 2
D4 9 10 3
D4 12 10 3
D4 15 10 2
85 6
E4 1 10 3
E4 4 10 3
E4 7 10 2
E4 9 10 3
E4 12 10 3
E4 15 10 2
98 6
F3 1 10 3
F3 4 10 3
F3 7 10 2
F3 9 10 3
F3 12 10 3
F3 15 10 2
99 6
C4 1 10 3
C4 4 10 3
C4 7 10 2
C4 9 10 3
C4 12 10 3
C4 15 10 2
100 6
D4 1 10 3
D4 4 10 3
D4 7 10 2
D4 9 10 3
D4 12 10 3
D4 15 10 2
101 6
E4 1 10 3
E4 4 10 3
E4 7 10 2
E4 9 10 3
E4 12 10 3
E4 15 10 2
102 6
F3 1 10 3
F3 4 10 3
F3 7 10 2
F3 9 10 3
F3 12 10 3
F3 15 10 2
103 6
C4 1 10 3
C4 4 10 3
C4 7 10 2
C4 9 10 3
C4 12 10 3
C4 15 10 2
104 6
D4 1 10 3
D4 4 10 3
D4 7 10 2
D4 9 10 3
D4 12 10 3
D4 15 10 2
105 6
E4 1 10 3
E4 4 10 3
E4 7 10 2
E4 9 10 3
E4 12 10 3
E4 15 10 2
106 6
F3 1 10 3
F3 4 10 3
F3 7 10 2
F3 9 10 3
F3 12 10 3
F3 15 10 2
107 6
C4 1 10 3
C4 4 10 3
C4 7 10 2
C4 9 10 3
C4 12 10 3
C4 15 10 2
108 6
D4 1 10 3
D4 4 10 3
D4 7 10 2
D4 9 10 3
D4 12 10 3
D4 15 10 2
109 6
E4 1 10 3
E4 4 10 3
E4 7 10 2
E4 9 10 3
E4 12 10 3
E4 15 10 2
110 6
F3 1 10 3
F3 4 10 3
F3 7 10 2
F3 9 10 3
F3 12 10 3
F3 15 10 2
111 6
C4 1 10 3
C4 4 10 3
C4 7 10 2
C4 9 10 3
C4 12 10 3
C4 15 10 2
112 6
D4 1 10 3
D4 4 10 3
D4 7 10 2
D4 9 10 3
D4 12 10 3
D4 15 10 2
113 6
E4 1 10 3
E4 4 10 3
E4 7 10 2
E4 9 10 3
E4 12 10 3
E4 15 10 2