26 1
D1 1 30
27 1
D1 1 30
28 1
D1 1 30
29 1
D2 1 30
30 1
D1 1 30
31 1
D1 1 30
32 1
D1 1 30
33 1
D2 1 30
34 1
D1 1 35
35 1
D1 1 35
36 1
D1 1 35
37 1
D2 1 35
38 1
D1 1 35
39 1
D1 1 35
40 1
D1 1 35
41 1
D2 1 35
42 1
D3 1 50
43 1
D3 1 50
44 1
D3 1 50
45 1
D4 1 50
46 1
D6 1 40
47 1
D5 1 40
48 1
D6 1 40
49 1
D7 1 40
50 1
D1 1 45
51 1
D1 1 45
52 1
D1 1 45
53 1
D8 1 45
54 1
D1 1 30
55 1
D1 1 30
56 1
D1 1 30
57 1
D2 1 30
58 1
D1 1 30
59 1
D1 1 30
60 1
D1 1 30
61 1
D2 1 30
70 1
D1 1 35
71 1
D1 1 35
72 1
D1 1 35
73 1
D2 1 35
74 1
D1 1 35
75 1
D1 1 35
76 1
D1 1 35
77 1
D2 1 35
78 1
D1 1 40
79 1
D1 1 40
80 1
D1 1 40
81 1
D2 1 40
82 1
D1 1 40
83 1
D1 1 40
84 1
D1 1 40
85 1
D2 1 40
86 1
D3 1 45
87 1
D3 1 45
88 1
D3 1 45
89 1
D4 1 45
90 1
D6 1 40
91 1
D5 1 40
92 1
D6 1 40
93 1
D7 1 40
94 1
D1 1 45
95 1
D1 1 45
96 1
D1 1 45
97 1
D8 1 45
98 1
D1 1 30
99 1
D1 1 30
100 1
D1 1 30
101 1
D2 1 30
102 1
D1 1 30
103 1
D1 1 30
104 1
D1 1 30
105 1
D2 1 30
