-2 2
F5 1 35 3
F5 4 25 60
1 4
F6 13 15 1
G6 14 20 1
A6 15 25 1
B6 16 30 2
2 3
F4 1 25 32
A4 1 25 32
C5 1 25 32
4 4
F4 1 20 16
A4 1 20 16
D5 1 20 16
E5 1 20 16
5 8
F6 13 15 1
G6 14 20 1
A6 15 25 1
B6 16 30 2
G4 1 20 16
B4 1 20 16
E5 1 20 16
F5 1 20 16
6 3
F4 1 25 32
A4 1 25 32
C5 1 25 32
8 4
F4 1 20 16
A4 1 20 16
D5 1 20 16
E5 1 20 16
9 4
G4 1 20 16
B4 1 20 16
E5 1 20 16
F5 1 20 16
10 8
F6 1 25 8
B6 9 40 2
A6 11 37 2
G6 13 34 2
F6 15 30 8
F4 1 25 32
A4 1 25 32
C5 1 25 32
11 4
B6 7 55 4
A6 11 45 2
G6 13 40 2
F6 15 35 2
12 8
G6 1 40 4
A6 5 45 4
B6 9 50 4
A6 13 42 4
F4 1 25 16
A4 1 25 16
D5 1 25 16
E5 1 25 16
13 11
G6 1 37 4
A6 5 42 4
G6 9 37 4
F6 13 30 1
G6 14 35 1
A6 15 40 1
B6 16 45 2
G4 1 25 16
B4 1 25 16
E5 1 25 16
F5 1 25 16
14 8
F6 1 30 8
B6 9 40 2
A6 11 37 2
G6 13 34 2
F6 15 30 8
F4 1 25 32
A4 1 25 32
C5 1 25 32
15 4
B6 7 55 4
A6 11 45 2
G6 13 40 2
F6 15 35 2
16 8
G6 1 40 4
A6 5 45 4
B6 9 50 4
A6 13 42 4
F4 1 25 16
A4 1 25 16
D5 1 25 16
E5 1 25 16
17 11
G6 1 37 4
A6 5 42 4
G6 9 37 4
F6 13 30 1
G6 14 35 1
A6 15 40 1
B6 16 45 2
G4 1 25 16
B4 1 25 16
E5 1 25 16
F5 1 25 16
18 10
F6 3 32 2
F6 5 38 2
G6 7 41 2
G6 9 44 2
A6 11 47 2
A6 13 50 2
B6 15 43 2
F4 1 30 32
A4 1 30 32
C5 1 30 32
19 7
F6 3 35 2
F6 5 38 2
G6 7 41 2
G6 9 44 2
A6 11 47 2
A6 13 50 2
B6 15 43 2
20 11
B6 3 45 2
B6 5 50 2
A6 7 47 2
A6 9 44 2
G6 11 41 2
G6 13 38 2
A6 15 35 2
F4 1 30 16
A4 1 30 16
D5 1 30 16
E5 1 30 16
21 11
B6 3 45 2
B6 5 46 2
A6 7 47 2
A6 9 48 2
G6 11 49 2
G6 13 50 2
F6 15 45 2
G4 1 30 16
B4 1 30 16
E5 1 30 16
F5 1 30 16
22 10
F6 3 35 2
F6 5 38 2
G6 7 41 2
G6 9 44 2
A6 11 47 2
A6 13 50 2
B6 15 43 2
F4 1 30 32
A4 1 30 32
C5 1 30 32
23 7
F6 3 35 2
F6 5 38 2
G6 7 41 2
G6 9 44 2
A6 11 47 2
A6 13 50 2
B6 15 43 2
24 11
B6 3 45 2
B6 5 50 2
A6 7 47 2
A6 9 44 2
G6 11 41 2
G6 13 38 2
A6 15 35 2
F4 1 30 16
A4 1 30 16
D5 1 30 16
E5 1 30 16
25 11
B6 3 45 2
B6 5 48 2
A6 7 50 2
A6 9 53 2
G6 11 51 2
G6 13 48 2
F6 15 50 2
G4 1 30 16
B4 1 30 16
E5 1 30 16
F5 1 30 16
34 3
F4 1 40 32
A4 1 40 32
C5 1 40 32
36 4
F4 1 40 16
A4 1 40 16
D5 1 40 16
E5 1 40 16
37 8
F6 13 35 1
G6 14 40 1
A6 15 45 1
B6 16 50 2
G4 1 40 16
B4 1 40 16
E5 1 40 16
F5 1 40 16
38 3
F4 1 40 32 
A4 1 40 32
C5 1 40 32
40 4
F4 1 40 16
A4 1 40 16
D5 1 40 16
E5 1 40 16
41 8
F6 13 35 1
G6 14 40 1
A6 15 45 1
B6 16 50 2
G4 1 40 16
B4 1 40 16
E5 1 40 16
F5 1 40 16
42 5
F6 1 20 8
B6 9 30 2
A6 11 25 2
G6 13 22 2
F6 15 20 8
43 4
B6 7 33 4
A6 11 25 2
G6 13 22 2
F6 15 20 2
44 4
G6 1 20 4
A6 5 25 4
B6 9 30 4
A6 13 23 4
45 7
G6 1 20 4
A6 5 30 4
G6 9 27 4
F6 13 25 1
G6 14 35 1
A6 15 45 1
B6 16 55 1
46 3
F4 1 40 32
A4 1 40 32
C5 1 40 32
48 4
F4 1 40 16
A4 1 40 16
D5 1 40 16
E5 1 40 16
49 8
G4 1 40 16
B4 1 40 16
E5 1 40 16
F5 1 40 16
F6 13 35 1
G6 14 40 1
A6 15 45 1
B6 16 50 2
54 3
F4 1 40 32
A4 1 40 32
C5 1 40 32
56 4
F4 1 40 16
A4 1 40 16
D5 1 40 16
E5 1 40 16
57 8
F6 13 35 1
G6 14 40 1
A6 15 45 1
B6 16 50 2
G4 1 40 16
B4 1 40 16
E5 1 40 16
F5 1 40 16
58 3
F4 1 40 32
A4 1 40 32
C5 1 40 32
60 4
F4 1 40 16
A4 1 40 16
D5 1 40 16
E5 1 40 16
61 8
F6 13 35 1
G6 14 40 1
A6 15 45 1
B6 16 50 2
G4 1 40 16
B4 1 40 16
E5 1 40 16
F5 1 40 16
62 10
F6 3 32 2
F6 5 38 2
G6 7 41 2
G6 9 44 2
A6 11 47 2
A6 13 50 2
B6 15 43 2
F4 1 30 32
A4 1 30 32
C5 1 30 32
63 7
F6 3 35 2
F6 5 38 2
G6 7 41 2
G6 9 44 2
A6 11 47 2
A6 13 50 2
B6 15 43 2
64 11
B6 3 45 2
B6 5 50 2
A6 7 47 2
A6 9 44 2
G6 11 41 2
G6 13 38 2
A6 15 35 2
F4 1 30 16
A4 1 30 16
D5 1 30 16
E5 1 30 16
65 11
B6 3 45 2
B6 5 46 2
A6 7 47 2
A6 9 48 2
G6 11 49 2
G6 13 50 2
F6 15 45 2
G4 1 30 16
B4 1 30 16
E5 1 30 16
F5 1 30 16
66 10
F6 3 35 2
F6 5 38 2
G6 7 41 2
G6 9 44 2
A6 11 47 2
A6 13 50 2
B6 15 43 2
F4 1 30 32
A4 1 30 32
C5 1 30 32
67 7
F6 3 35 2
F6 5 38 2
G6 7 41 2
G6 9 44 2
A6 11 47 2
A6 13 50 2
B6 15 43 2
68 11
B6 3 45 2
B6 5 50 2
A6 7 47 2
A6 9 44 2
G6 11 41 2
G6 13 38 2
A6 15 35 2
F4 1 30 16
A4 1 30 16
D5 1 30 16
E5 1 30 16
69 11
B6 3 45 2
B6 5 48 2
A6 7 50 2
A6 9 53 2
G6 11 51 2
G6 13 48 2
F6 15 50 2
G4 1 30 16
B4 1 30 16
E5 1 30 16
F5 1 30 16
78 3
F4 1 40 32
A4 1 40 32
C5 1 40 32
80 4
F4 1 40 16
A4 1 40 16
D5 1 40 16
E5 1 40 16
81 8
F6 13 35 1
G6 14 40 1
A6 15 45 1
B6 16 50 2
G4 1 40 16
B4 1 40 16
E5 1 40 16
F5 1 40 16
82 3
F4 1 40 32 
A4 1 40 32
C5 1 40 32
84 4
F4 1 40 16
A4 1 40 16
D5 1 40 16
E5 1 40 16
85 8
F6 13 35 1
G6 14 40 1
A6 15 45 1
B6 16 50 2
G4 1 40 16
B4 1 40 16
E5 1 40 16
F5 1 40 16
86 5
F6 1 20 8
B6 9 30 2
A6 11 25 2
G6 13 22 2
F6 15 20 8
87 4
B6 7 33 4
A6 11 25 2
G6 13 22 2
F6 15 20 2
88 4
G6 1 20 4
A6 5 25 4
B6 9 30 4
A6 13 23 4
89 7
G6 1 20 4
A6 5 30 4
G6 9 27 4
F6 13 25 1
G6 14 35 1
A6 15 45 1
B6 16 55 1
90 3
F4 1 40 32
A4 1 40 32
C5 1 40 32
92 4
F4 1 40 16
A4 1 40 16
D5 1 40 16
E5 1 40 16
93 8
G4 1 40 16
B4 1 40 16
E5 1 40 16
F5 1 40 16
F6 13 35 1
G6 14 40 1
A6 15 45 1
B6 16 50 2
98 3
F4 1 40 32
A4 1 40 32
C5 1 40 32
100 4
F4 1 40 16
A4 1 40 16
D5 1 40 16
E5 1 40 16
101 8
F6 13 35 1
G6 14 40 1
A6 15 45 1
B6 16 50 2
G4 1 40 16
B4 1 40 16
E5 1 40 16
F5 1 40 16
102 3
F4 1 40 32
A4 1 40 32
C5 1 40 32
104 4
F4 1 40 16
A4 1 40 16
D5 1 40 16
E5 1 40 16
105 8
F6 13 35 1
G6 14 40 1
A6 15 45 1
B6 16 50 2
G4 1 40 16
B4 1 40 16
E5 1 40 16
F5 1 40 16
106 10
F5 3 30 2
F5 5 35 2
G5 7 40 2
G5 9 45 2
A5 11 50 2
A5 13 55 2
B5 15 45 2
F4 1 30 32
A4 1 30 32
C5 1 30 32
107 7
F5 3 40 2
F5 5 45 2
G5 7 50 2
G5 9 55 2
A5 11 60 2
A5 13 65 2
B5 15 55 2
108 11
B5 3 55 2
B5 5 65 2
A5 7 55 2
A5 9 60 2
G5 11 50 2
G5 13 55 2
A5 15 50 2
F4 1 30 16
A4 1 30 16
D5 1 30 16
E5 1 30 16
109 11
B5 3 45 2
B5 5 55 2
A5 7 45 2
A5 9 50 2
G5 11 40 2
G5 13 45 2
F5 15 35 2
G4 1 30 16
B4 1 30 16
E5 1 30 16
F5 1 30 16
110 10
F5 3 30 2
F5 5 35 2
G5 7 40 2
G5 9 45 2
A5 11 50 2
A5 13 55 2
B5 15 45 2
F4 1 30 32
A4 1 30 32
C5 1 30 32
111 7
F5 3 40 2
F5 5 45 2
G5 7 50 2
G5 9 55 2
A5 11 60 2
A5 13 65 2
B5 15 55 2
112 11
B5 3 55 2
B5 5 65 2
A5 7 55 2
A5 9 60 2
G5 11 50 2
G5 13 55 2
A5 15 50 2
F4 1 30 16
A4 1 30 16
D5 1 30 16
E5 1 30 16
113 11
B5 3 45 2
B5 5 55 2
A5 7 45 2
A5 9 50 2
G5 11 40 2
G5 13 45 2
F5 15 35 2
G4 1 30 16
B4 1 30 16
E5 1 30 16
F5 1 30 16
114 5
F5 1 30 8
B5 9 40 2
A5 11 37 2
G5 13 33 2
F5 15 30 8
115 4
B5 7 43 4 
A5 11 39 2 
G5 13 34 2 
F5 15 30 2 
116 4
G5 1 34 4 
A5 5 37 5 
B5 10 40 5 
A5 15 37 6 
117 2
G5 5 34 6 
A5 11 37 7 
118 1
G5 2 34 12