2 3
F6 1 10 96
A6 1 10 96
C7 1 15 96
8 4
F5 1 13 16
A5 1 13 16
D6 1 13 16
E6 1 15 16
9 4
G5 1 13 16
B5 1 13 16
E6 1 13 16
F6 1 15 16
10 3
F6 1 10 32
A6 1 10 32
C7 1 15 32
12 4
F5 1 10 16
A5 1 10 16
D6 1 10 16
E6 1 15 16
13 4
G5 1 10 16
B5 1 10 16
E6 1 10 16
F6 1 15 16
14 3
F6 1 10 32
A6 1 10 32
C7 1 15 32
16 4
F5 1 10 16
A5 1 10 16
D6 1 10 16
E6 1 15 16
17 4
G5 1 10 16
B5 1 10 16
E6 1 10 16
F6 1 15 16
18 3
F6 1 10 32
A6 1 10 32
C7 1 15 32
20 4
F5 1 10 16
A5 1 10 16
D6 1 10 16
E6 1 15 16
21 4
G5 1 10 16
B5 1 10 16
E6 1 10 16
F6 1 15 16
22 3
F6 1 10 32
A6 1 10 32
C7 1 15 32
24 4
F5 1 10 16
A5 1 10 16
D6 1 10 16
E6 1 15 16
25 4
G5 1 10 16
B5 1 10 16
E6 1 10 16
F6 1 15 16
26 7
F5 3 55 2
F5 5 59 2
G5 7 62 2
G5 9 64 2
A5 11 67 2
A5 13 70 2
B5 15 57 2
27 8
F5 3 55 2
F5 5 59 2
G5 7 62 2
G5 9 64 2
A5 11 67 2
A5 13 70 2
B5 15 57 2
F4 15 70 1
28 9
B5 3 65 2
B5 5 70 2
A5 7 63 2
A5 9 66 2
G5 11 61 2
G5 13 65 2
A5 15 60 2
B4 1 60 1
D4 1 60 1
29 10
B5 3 65 2
B5 5 70 2
A5 7 63 2
A5 9 66 2
G5 11 61 2
G5 13 65 2
F5 15 55 2
B4 1 60 1
E4 1 60 1
E4 15 70 1
30 9
F5 3 55 2
F5 5 59 2
G5 7 62 2
G5 9 64 2
A5 11 67 2
A5 13 70 2
B5 15 57 2
A4 1 60 1
F4 1 60 1
31 8
F5 3 55 2
F5 5 59 2
G5 7 62 2
G5 9 64 2
A5 11 67 2
A5 13 70 2
B5 15 57 2
F4 15 70 1
32 9
B5 3 65 2
B5 5 70 2
A5 7 63 2
A5 9 66 2
G5 11 61 2
G5 13 65 2
A5 15 60 2
B4 1 60 1
D4 1 60 1
33 10
B5 3 65 2
B5 5 70 2
A5 7 63 2
A5 9 66 2
G5 11 61 2
G5 13 65 2
F5 15 55 2
B4 1 60 1
E4 1 60 1
E4 15 70 1
34 9
F5 3 65 2
F5 5 69 2
G5 7 72 2
G5 9 74 2
A5 11 77 2
A5 13 80 2
B5 15 65 2
A4 1 70 1
F4 1 70 1
35 8
F5 3 65 2
F5 5 69 2
G5 7 72 2
G5 9 74 2
A5 11 77 2
A5 13 80 2
B5 15 65 2
F4 15 80 1
36 9
B5 3 75 2
B5 5 80 2
A5 7 73 2
A5 9 76 2
G5 11 70 2
G5 13 75 2
A5 15 65 2
B4 1 70 2
D4 1 70 2
37 10
B5 3 75 2
B5 5 80 2
A5 7 73 2
A5 9 76 2
G5 11 70 2
G5 13 75 2
F5 15 65 2
B4 1 60 2
E4 1 60 2
E4 15 70 2
38 9
F5 3 65 2
F5 5 69 2
G5 7 72 2
G5 9 74 2
A5 11 77 2
A5 13 80 2
B5 15 65 2
A4 1 70 1
F4 1 70 1
39 8
F5 3 65 2
F5 5 69 2
G5 7 72 2
G5 9 74 2
A5 11 77 2
A5 13 80 2
B5 15 65 2
F4 15 80 1
40 9
B5 3 75 2
B5 5 80 2
A5 7 73 2
A5 9 76 2
G5 11 70 2
G5 13 75 2
A5 15 65 2
B4 1 70 2
D4 1 70 2
41 9
B5 3 75 2
B5 5 80 2
A5 7 73 2
A5 9 76 2
G5 11 70 2
G5 13 75 2
F5 15 65 2
B4 1 55 2
E4 1 55 2
43 1
F4 15 40 1
44 2
B4 1 40 1
D4 1 40 1
45 3
B4 1 40 1
E4 1 40 1
E4 15 40 1
46 8
F4 1 55 2
F5 1 50 2
G4 4 60 2
G5 4 55 2
A4 7 65 3 
A5 7 60 3
B4 11 65 5 
B5 11 60 5
47 8
F4 1 55 2
F5 1 50 2
G4 4 60 2
G5 4 55 2
A4 7 65 3 
A5 7 60 3
B4 11 65 5 
B5 11 60 5
48 8
B4 1 65 2
B5 1 60 2
A4 4 65 2
A5 4 60 2
G4 7 60 3 
G5 7 55 3
F4 11 55 5 
F5 11 50 5
49 8
B4 1 65 2
B5 1 60 2
A4 4 65 2
A5 4 60 2
G4 7 60 3 
G5 7 55 3
F4 11 55 5 
F5 11 50 5
50 8
F4 1 55 2
F5 1 50 2
G4 4 60 2
G5 4 55 2
A4 7 65 3 
A5 7 60 3
B4 11 65 5 
B5 11 60 5
51 8
F4 1 55 2
F5 1 50 2
G4 4 60 2
G5 4 55 2
A4 7 65 3 
A5 7 60 3
B4 11 65 5 
B5 11 60 5
52 8
B4 1 65 2
B5 1 60 2
A4 4 65 2
A5 4 60 2
G4 7 60 3 
G5 7 55 3
F4 11 55 5 
F5 11 50 5
53 8
B4 1 65 2
B5 1 60 2
A4 4 65 2
A5 4 60 2
G4 7 60 3 
G5 7 55 3
F4 11 55 5 
F5 11 50 5
54 7
F5 3 55 2
F5 5 58 2
G5 7 61 2
G5 9 64 2
A5 11 67 2
A5 13 70 2
B5 15 55 2
55 8
F5 3 55 2
F5 5 58 2
G5 7 61 2
G5 9 64 2
A5 11 67 2
A5 13 70 2
B5 15 55 2
F4 15 70 1
56 9
B5 3 65 2
B5 5 70 2
A5 7 60 2
A5 9 65 2
G5 11 55 2
G5 13 60 2
A5 15 50 2
B4 1 60 1
D4 1 60 1
57 10
B5 3 65 2
B5 5 70 2
A5 7 60 2
A5 9 65 2
G5 11 55 2
G5 13 60 2
F5 15 50 2
B4 1 60 1
E4 1 60 1
E4 15 7 1
58 9
F5 3 60 2
F5 5 63 2
G5 7 66 2
G5 9 69 2
A5 11 72 2
A5 13 75 2
B5 15 60 2
A4 1 65 1
F4 1 65 1
59 8
F5 3 60 2
F5 5 63 2
G5 7 66 2
G5 9 69 2
A5 11 72 2
A5 13 75 2
B5 15 60 2
F4 15 75 1
60 9
B5 3 70 2
B5 5 75 2
A5 7 65 2
A5 9 70 2
G5 11 60 2
G5 13 65 2
A5 15 55 2
B4 1 65 1
D4 1 65 1
61 9
B5 3 70 2
B5 5 75 2
A5 7 65 2
A5 9 57 2
G5 11 50 2
G5 13 40 2
F5 15 30 2
B4 1 55 2
E4 1 55 2
62 3
F6 1 10 32
A6 1 10 32
C7 1 15 32
64 4
F5 1 10 16
A5 1 10 16
D6 1 10 16
E6 1 15 16
65 4
G5 1 10 16
B5 1 10 16
E6 1 10 16
F6 1 15 16
66 3
F6 1 10 32
A6 1 10 32
C7 1 15 32
68 4
F5 1 10 16
A5 1 10 16
D6 1 10 16
E6 1 15 16
69 4
G5 1 10 16
B5 1 10 16
E6 1 10 16
F6 1 15 16
70 7
F5 3 55 2
F5 5 60 2
G5 7 61 2
G5 9 64 2
A5 11 67 2
A5 13 70 2
B5 15 60 2
71 8
F5 3 55 2
F5 5 60 2
G5 7 61 2
G5 9 64 2
A5 11 67 2
A5 13 70 2
B5 15 60 2
F4 15 70 1
72 9
B5 3 65 2
B5 5 70 2
A5 7 63 2
A5 9 66 2
G5 11 60 2
G5 13 65 2
A5 15 60 2
B4 1 60 1
D4 1 60 1
73 10
B5 3 65 2
B5 5 70 2
A5 7 63 2
A5 9 65 2
G5 11 60 2
G5 13 65 2
F5 15 55 2
B4 1 60 1
E4 1 60 1
E4 15 70 1
74 9
F5 3 55 2
F5 5 60 2
G5 7 61 2
G5 9 64 2
A5 11 67 2
A5 13 70 2
B5 15 60 2
A4 1 60 1
F4 1 60 1
75 8
F5 3 55 2
F5 5 60 2
G5 7 61 2
G5 9 64 2
A5 11 67 2
A5 13 70 2
B5 15 60 2
F4 15 70 1
76 9
B5 3 65 2
B5 5 70 2
A5 7 63 2
A5 9 66 2
G5 11 60 2
G5 13 65 2
A5 15 60 2
B4 1 60 1
D4 1 60 1
77 10
B5 3 65 2
B5 5 70 2
A5 7 63 2
A5 9 66 2
G5 11 60 2
G5 13 65 2
F5 15 55 2
B4 1 60 1
E4 1 60 1
E4 15 70 1
78 9
F5 3 65 2
F5 5 68 2
G5 7 71 2
G5 9 74 2
A5 11 77 2
A5 13 80 2
B5 15 65 2
A4 1 70 1
F4 1 70 1
79 8
F5 3 65 2
F5 5 68 2
G5 7 71 2
G5 9 74 2
A5 11 77 2
A5 13 80 2
B5 15 65 2
F4 15 80 1
80 9
B5 3 75 2
B5 5 80 2
A5 7 73 2
A5 9 76 2
G5 11 70 2
G5 13 75 2
A5 15 65 2
B4 1 70 2
D4 1 70 2
81 10
B5 3 75 2
B5 5 80 2
A5 7 73 2
A5 9 76 2
G5 11 70 2
G5 13 75 2
F5 15 60 2
B4 1 60 2
E4 1 60 2
E4 15 70 2
82 9
F5 3 65 2
F5 5 68 2
G5 7 71 2
G5 9 74 2
A5 11 77 2
A5 13 80 2
B5 15 65 2
A4 1 70 1
F4 1 70 1
83 8
F5 3 65 2
F5 5 68 2
G5 7 71 2
G5 9 74 2
A5 11 77 2
A5 13 80 2
B5 15 65 2
F4 15 80 1
84 9
B5 3 75 2
B5 5 80 2
A5 7 73 2
A5 9 76 2
G5 11 70 2
G5 13 75 2
A5 15 65 2
B4 1 70 2
D4 1 70 2
85 9
B5 3 70 2
B5 5 75 2
A5 7 65 2
A5 9 57 2
G5 11 50 2
G5 13 40 2
F5 15 30 2
B4 1 55 2
E4 1 55 2
87 1
F4 15 40 1
88 2
B4 1 40 1
D4 1 40 1
89 3
B4 1 40 1
E4 1 40 1
E4 15 40 1
90 8
F4 1 55 2
F5 1 50 2
G4 4 60 2
G5 4 55 2
A4 7 65 3 
A5 7 60 3
B4 11 65 5 
B5 11 60 5
91 8
F4 1 55 2
F5 1 50 2
G4 4 60 2
G5 4 55 2
A4 7 65 3 
A5 7 60 3
B4 11 65 5 
B5 11 60 5
92 8
B4 1 65 2
B5 1 60 2
A4 4 65 2
A5 4 60 2
G4 7 60 3 
G5 7 55 3
F4 11 55 5 
F5 11 50 5
93 8
B4 1 65 2
B5 1 60 2
A4 4 65 2
A5 4 60 2
G4 7 60 3 
G5 7 55 3
F4 11 55 5 
F5 11 50 5
94 8
F4 1 55 2
F5 1 50 2
G4 4 60 2
G5 4 55 2
A4 7 65 3 
A5 7 60 3
B4 11 65 5 
B5 11 60 5
95 8
F4 1 55 2
F5 1 50 2
G4 4 60 2
G5 4 55 2
A4 7 65 3 
A5 7 60 3
B4 11 65 5 
B5 11 60 5
96 8
B4 1 65 2
B5 1 60 2
A4 4 65 2
A5 4 60 2
G4 7 60 3 
G5 7 55 3
F4 11 55 5 
F5 11 50 5
97 8
B4 1 65 2
B5 1 60 2
A4 4 65 2
A5 4 60 2
G4 7 60 3 
G5 7 55 3
F4 11 55 5 
F5 11 50 5
98 7
F5 3 55 2
F5 5 60 2
G5 7 66 2
G5 9 70 2
A5 11 73 2
A5 13 75 2
B5 15 60 2
99 8
F5 3 55 2
F5 5 60 2
G5 7 65 2
G5 9 70 2
A5 11 73 2
A5 13 75 2
B5 15 60 2
F4 15 70 1
100 9
B5 3 65 2
B5 5 75 2
A5 7 65 2
A5 9 70 2
G5 11 60 2
G5 13 65 2
A5 15 60 2
B4 1 60 1
D4 1 60 1
101 10
B5 3 65 2
B5 5 75 2
A5 7 65 2
A5 9 70 2
G5 11 60 2
G5 13 65 2
F5 15 55 2
B4 1 60 1
E4 1 60 1
E4 15 7 1
102 9
F5 3 60 2
F5 5 65 2
G5 7 70 2
G5 9 75 2
A5 11 78 2
A5 13 80 2
B5 15 65 2
A4 1 65 1
F4 1 65 1
103 8
F5 3 60 2
F5 5 65 2
G5 7 70 2
G5 9 75 2
A5 11 78 2
A5 13 80 2
B5 15 65 2
F4 15 75 1
104 9
B5 3 70 2
B5 5 80 2
A5 7 70 2
A5 9 75 2
G5 11 65 2
G5 13 70 2
A5 15 60 2
B4 1 65 1
D4 1 65 1
105 9
B5 3 70 2
B5 5 75 2
A5 7 65 2
A5 9 57 2
G5 11 50 2
G5 13 40 2
F5 15 30 2
B4 1 55 2
E4 1 55 2
106 7
F5 3 25 2
F5 5 30 2
G5 7 35 2
G5 9 40 2
A5 11 45 2
A5 13 50 2
B5 15 40 2
107 7
F5 3 30 2
F5 5 35 2
G5 7 40 2
G5 9 45 2
A5 11 50 2
A5 13 55 2
B5 15 45 2
108 7
B5 3 45 2
B5 5 55 2
A5 7 45 2
A5 9 50 2
G5 11 40 2
G5 13 45 2
A5 15 40 2
109 7
B5 3 35 2
B5 5 45 2
A5 7 35 2
A5 9 40 2
G5 11 30 2
G5 13 35 2
F5 15 25 2
110 7
F5 3 25 2
F5 5 30 2
G5 7 35 2
G5 9 40 2
A5 11 45 2
A5 13 50 2
B5 15 40 2
111 7
F5 3 30 2
F5 5 35 2
G5 7 40 2
G5 9 45 2
A5 11 50 2
A5 13 55 2
B5 15 45 2
112 7
B5 3 45 2
B5 5 55 2
A5 7 45 2
A5 9 50 2
G5 11 40 2
G5 13 45 2
A5 15 40 2
113 7
B5 3 35 2
B5 5 45 2
A5 7 35 2
A5 9 40 2
G5 11 30 2
G5 13 35 2
F5 15 25 2